0.03753828233019563
0.07525762766007116
0.07743923751131321
0.25496474741764197
0.30509445393870915
0.3350520525516977
0.34321445972505815
0.4634764380794668
0.4927110078279088
0.5679445722856677
0.5783166528879852
0.6037419790502239
0.6182611762540149
0.6193301836900896
0.720696760246099
0.7441591651130902
0.757409558760945
0.7755084165106707
0.879393021300088
0.9445851685637867
('x[0]', 0.03753828233019563, 1.0)
('x[0]', 0.07525762766007116, 0.49879704552674886)
('x[0]', 0.07743923751131321, 0.48474498893034174)
('x[0]', 0.6193301836900896, 0.06061109779364417)
('x[0]', 0.25496474741764197, 0.14722930409162208)
('x[0]', 0.07525762766007116, 0.49879704552674886)
('x[0]', 0.3350520525516977, 0.11203716570100274)
('x[0]', 0.07525762766007116, 0.49879704552674886)
('x[0]', 0.07743923751131321, 0.48474498893034174)
('x[0]', 0.4927110078279088, 0.07618722077203272)
