0   1/10 0   0   0   9/10 0   0   0   0   0   0   0   0   0   0
1/10 0   0   3/10 0   0   0   6/10 0   0   0   0   0   0   0   0
3/10 0   0   1/10 0   0   0   6/10 0   0   0   0   0   0   0   0
0   0   1/10 0   3/10 0   0   0   0   6/10 0   0   0   0   0   0
0   9/10 0   0   0   1/10 0   0   0   0   0   0   0   0   0   0
0   0   3/10 0   1/10 0   0   0   0   6/10 0   0   0   0   0   0
4/10 0   0   2/10 0  /3    2/30   0   0   0   0   0   0   0   0
0   0   0   0   0   0   2/30   /3    0   0   2/10 0   0   0   0   4/10
0   0   3/10 0   6/10 0   0   0   0   1/10 0   0   0   0   0   0
0   0   0   0   0   0   0   0   1/10 0   0   3/10 0   6/10 0   0
0   0   0   0   0   0   0   0   6/10 0   0   1/10 0   3/10 0   0
0   0   0   0   0   0   6/10 0   0   0   1/10 0   0   0   0   3/10
0   0   0   0   0   0   0   0   6/10 0   0   3/10 0   1/10 0   0
0   0   0   0   0   0   0   0   0   0   0   0   1/10 0   9/10 0
0   0   0   0   0   0   6/10 0   0   0   3/10 0   0   0   0   1/10
0   0   0   0   0   0   0   0   0   0   0   0   9/10 0   1/10 0