[[0.         0.1        0.         0.         0.         0.9
  0.         0.         0.         0.         0.         0.
  0.         0.         0.         0.        ]
 [0.1        0.         0.         0.3        0.         0.
  0.         0.6        0.         0.         0.         0.
  0.         0.         0.         0.        ]
 [0.3        0.         0.         0.1        0.         0.
  0.         0.6        0.         0.         0.         0.
  0.         0.         0.         0.        ]
 [0.         0.         0.1        0.         0.3        0.
  0.         0.         0.         0.6        0.         0.
  0.         0.         0.         0.        ]
 [0.         0.9        0.         0.         0.         0.1
  0.         0.         0.         0.         0.         0.
  0.         0.         0.         0.        ]
 [0.         0.         0.3        0.         0.1        0.
  0.         0.         0.         0.6        0.         0.
  0.         0.         0.         0.        ]
 [0.4        0.         0.         0.2        0.         0.
  0.33333333 0.06666667 0.         0.         0.         0.
  0.         0.         0.         0.        ]
 [0.         0.         0.         0.         0.         0.
  0.06666667 0.33333333 0.         0.         0.2        0.
  0.         0.         0.         0.4       ]
 [0.         0.         0.3        0.         0.6        0.
  0.         0.         0.         0.1        0.         0.
  0.         0.         0.         0.        ]
 [0.         0.         0.         0.         0.         0.
  0.         0.         0.1        0.         0.         0.3
  0.         0.6        0.         0.        ]
 [0.         0.         0.         0.         0.         0.
  0.         0.         0.6        0.         0.         0.1
  0.         0.3        0.         0.        ]
 [0.         0.         0.         0.         0.         0.
  0.6        0.         0.         0.         0.1        0.
  0.         0.         0.         0.3       ]
 [0.         0.         0.         0.         0.         0.
  0.         0.         0.6        0.         0.         0.3
  0.         0.1        0.         0.        ]
 [0.         0.         0.         0.         0.         0.
  0.         0.         0.         0.         0.         0.
  0.1        0.         0.9        0.        ]
 [0.         0.         0.         0.         0.         0.
  0.6        0.         0.         0.         0.3        0.
  0.         0.         0.         0.1       ]
 [0.         0.         0.         0.         0.         0.
  0.         0.         0.         0.         0.         0.
  0.9        0.         0.1        0.        ]]
